dst_bytes mean: 19779.1144213 stddev: 4021269.15144 max: 1309937401 mi: 0
wrong_fragment mean: 0.0226874012685 stddev: 0.253529985952 max: 3 mi: 0
count mean: 84.1075547935 stddev: 114.508607354 max: 511 mi: 0
serror_rate mean: 0.2844845324 stddev: 0.446455624331 max: 1.0 mi: 0.0
srv_serror_rate mean: 0.28248537385 stddev: 0.447022498364 max: 1.0 mi: 0.0
srv_rerror_rate mean: 0.121183269431 stddev: 0.323647228005 max: 1.0 mi: 0.0
same_srv_rate mean: 0.660927659102 stddev: 0.439622862407 max: 1.0 mi: 0.0
dst_host_count mean: 182.148944615 stddev: 99.2062130346 max: 255 mi: 0
dst_host_srv_count mean: 115.653005009 stddev: 110.702740781 max: 255 mi: 0
dst_host_same_srv_rate mean: 0.521241694649 stddev: 0.448949363718 max: 1.0 mi: 0.0
dst_host_diff_srv_rate mean: 0.0829511085709 stddev: 0.188921799905 max: 1.0 mi: 0.0
dst_host_serror_rate mean: 0.284452462036 stddev: 0.444784050316 max: 1.0 mi: 0.0
dst_host_srv_serror_rate mean: 0.278484516523 stddev: 0.445669123886 max: 1.0 mi: 0.0
dst_host_rerror_rate mean: 0.118831813166 stddev: 0.306557458025 max: 1.0 mi: 0.0
        dst_bytes  wrong_fragment  count  serror_rate  srv_serror_rate  \
0               0               0      0          0.0              0.0   
1               0               0      0          0.0              0.0   
2               0               0      0          1.0              1.0   
3               0               0      0          0.2              0.2   
4               0               0      0          0.0              0.0   
...           ...             ...    ...          ...              ...   
125968          0               0      0          1.0              1.0   
125969          0               0      0          0.0              0.0   
125970          0               0      0          0.0              0.0   
125971          0               0      0          1.0              1.0   
125972          0               0      0          0.0              0.0   

        srv_rerror_rate  same_srv_rate  dst_host_count  dst_host_srv_count  \
0                   0.0           1.00               0                   0   
1                   0.0           0.08               1                   0   
2                   0.0           0.05               1                   0   
3                   0.0           1.00               0                   1   
4                   0.0           1.00               1                   1   
...                 ...            ...             ...                 ...   
125968              0.0           0.14               1                   0   
125969              0.0           1.00               1                   0   
125970              0.0           1.00               1                   0   
125971              0.0           0.06               1                   0   
125972              0.0           1.00               1                   0   

        dst_host_same_srv_rate  dst_host_diff_srv_rate  dst_host_serror_rate  \
0                         0.17                    0.03                  0.00   
1                         0.00                    0.60                  0.00   
2                         0.10                    0.05                  1.00   
3                         1.00                    0.00                  0.03   
4                         1.00                    0.00                  0.00   
...                        ...                     ...                   ...   
125968                    0.10                    0.06                  1.00   
125969                    0.96                    0.01                  0.00   
125970                    0.12                    0.06                  0.72   
125971                    0.03                    0.05                  1.00   
125972                    0.30                    0.03                  0.00   

        dst_host_srv_serror_rate  dst_host_rerror_rate  labels  IRC  X11  \
0                           0.00                  0.05       0    0    0   
1                           0.00                  0.00       0    0    0   
2                           1.00                  0.00       1    0    0   
3                           0.01                  0.00       0    0    0   
4                           0.00                  0.00       0    0    0   
...                          ...                   ...     ...  ...  ...   
125968                      1.00                  0.00       1    0    0   
125969                      0.00                  0.00       0    0    0   
125970                      0.00                  0.01       0    0    0   
125971                      1.00                  0.00       1    0    0   
125972                      0.00                  0.00       0    0    0   

        Z39_50  aol  auth  bgp  courier  csnet_ns  ctf  daytime  discard  \
0            0    0     0    0        0         0    0        0        0   
1            0    0     0    0        0         0    0        0        0   
2            0    0     0    0        0         0    0        0        0   
3            0    0     0    0        0         0    0        0        0   
4            0    0     0    0        0         0    0        0        0   
...        ...  ...   ...  ...      ...       ...  ...      ...      ...   
125968       0    0     0    0        0         0    0        0        0   
125969       0    0     0    0        0         0    0        0        0   
125970       0    0     0    0        0         0    0        0        0   
125971       0    0     0    0        0         0    0        0        0   
125972       0    0     0    0        0         0    0        0        0   

        domain  domain_u  echo  eco_i  ecr_i  efs  exec  finger  ftp  \
0            0         0     0      0      0    0     0       0    0   
1            0         0     0      0      0    0     0       0    0   
2            0         0     0      0      0    0     0       0    0   
3            0         0     0      0      0    0     0       0    0   
4            0         0     0      0      0    0     0       0    0   
...        ...       ...   ...    ...    ...  ...   ...     ...  ...   
125968       0         0     0      0      0    0     0       0    0   
125969       0         0     0      0      0    0     0       0    0   
125970       0         0     0      0      0    0     0       0    0   
125971       0         0     0      0      0    0     0       0    0   
125972       0         0     0      0      0    0     0       0    0   

        ftp_data  gopher  harvest  hostnames  http  http_2784  http_443  \
0              1       0        0          0     0          0         0   
1              0       0        0          0     0          0         0   
2              0       0        0          0     0          0         0   
3              0       0        0          0     1          0         0   
4              0       0        0          0     1          0         0   
...          ...     ...      ...        ...   ...        ...       ...   
125968         0       0        0          0     0          0         0   
125969         0       0        0          0     0          0         0   
125970         0       0        0          0     0          0         0   
125971         0       0        0          0     0          0         0   
125972         1       0        0          0     0          0         0   

        http_8001  imap4  iso_tsap  klogin  kshell  ldap  link  login  mtp  \
0               0      0         0       0       0     0     0      0    0   
1               0      0         0       0       0     0     0      0    0   
2               0      0         0       0       0     0     0      0    0   
3               0      0         0       0       0     0     0      0    0   
4               0      0         0       0       0     0     0      0    0   
...           ...    ...       ...     ...     ...   ...   ...    ...  ...   
125968          0      0         0       0       0     0     0      0    0   
125969          0      0         0       0       0     0     0      0    0   
125970          0      0         0       0       0     0     0      0    0   
125971          0      0         0       1       0     0     0      0    0   
125972          0      0         0       0       0     0     0      0    0   

        name  netbios_dgm  netbios_ns  netbios_ssn  netstat  nnsp  nntp  \
0          0            0           0            0        0     0     0   
1          0            0           0            0        0     0     0   
2          0            0           0            0        0     0     0   
3          0            0           0            0        0     0     0   
4          0            0           0            0        0     0     0   
...      ...          ...         ...          ...      ...   ...   ...   
125968     0            0           0            0        0     0     0   
125969     0            0           0            0        0     0     0   
125970     0            0           0            0        0     0     0   
125971     0            0           0            0        0     0     0   
125972     0            0           0            0        0     0     0   

        ntp_u  other  pm_dump  pop_2  pop_3  printer  private  red_i  \
0           0      0        0      0      0        0        0      0   
1           0      1        0      0      0        0        0      0   
2           0      0        0      0      0        0        1      0   
3           0      0        0      0      0        0        0      0   
4           0      0        0      0      0        0        0      0   
...       ...    ...      ...    ...    ...      ...      ...    ...   
125968      0      0        0      0      0        0        1      0   
125969      0      0        0      0      0        0        1      0   
125970      0      0        0      0      0        0        0      0   
125971      0      0        0      0      0        0        0      0   
125972      0      0        0      0      0        0        0      0   

        remote_job  rje  shell  smtp  sql_net  ssh  sunrpc  supdup  systat  \
0                0    0      0     0        0    0       0       0       0   
1                0    0      0     0        0    0       0       0       0   
2                0    0      0     0        0    0       0       0       0   
3                0    0      0     0        0    0       0       0       0   
4                0    0      0     0        0    0       0       0       0   
...            ...  ...    ...   ...      ...  ...     ...     ...     ...   
125968           0    0      0     0        0    0       0       0       0   
125969           0    0      0     0        0    0       0       0       0   
125970           0    0      0     1        0    0       0       0       0   
125971           0    0      0     0        0    0       0       0       0   
125972           0    0      0     0        0    0       0       0       0   

        telnet  tftp_u  tim_i  time  urh_i  urp_i  uucp  uucp_path  vmnet  \
0            0       0      0     0      0      0     0          0      0   
1            0       0      0     0      0      0     0          0      0   
2            0       0      0     0      0      0     0          0      0   
3            0       0      0     0      0      0     0          0      0   
4            0       0      0     0      0      0     0          0      0   
...        ...     ...    ...   ...    ...    ...   ...        ...    ...   
125968       0       0      0     0      0      0     0          0      0   
125969       0       0      0     0      0      0     0          0      0   
125970       0       0      0     0      0      0     0          0      0   
125971       0       0      0     0      0      0     0          0      0   
125972       0       0      0     0      0      0     0          0      0   

        whois  OTH  REJ  RSTO  RSTOS0  RSTR  S0  S1  S2  S3  SF  SH  
0           0    0    0     0       0     0   0   0   0   0   1   0  
1           0    0    0     0       0     0   0   0   0   0   1   0  
2           0    0    0     0       0     0   1   0   0   0   0   0  
3           0    0    0     0       0     0   0   0   0   0   1   0  
4           0    0    0     0       0     0   0   0   0   0   1   0  
...       ...  ...  ...   ...     ...   ...  ..  ..  ..  ..  ..  ..  
125968      0    0    0     0       0     0   1   0   0   0   0   0  
125969      0    0    0     0       0     0   0   0   0   0   1   0  
125970      0    0    0     0       0     0   0   0   0   0   1   0  
125971      0    0    0     0       0     0   1   0   0   0   0   0  
125972      0    0    0     0       0     0   0   0   0   0   1   0  

[125973 rows x 96 columns]

('DTree:depth27:features13', [0.9904503030886174, 0.0, 0.1381971836090088, 0.0])
('Total time elapsed', '0:00:02.105692')
('Features', 16, 'Algorithm', 'DTree')
